0 AA -0.005000000 -0.005000000 0.0 0.003000000
1 AA -0.005000000 -0.004000000 0.0 0.003000000
2 AA -0.005000000 -0.003000000 0.0 0.003000000
3 AA -0.005000000 -0.002000000 0.0 0.003000000
4 AA -0.005000000 -0.001000000 0.0 0.003000000
5 AA -0.005000000 0.000000000 0.0 0.003000000
6 AA -0.005000000 0.001000000 0.0 0.003000000
7 AA -0.005000000 0.002000000 0.0 0.003000000
8 AA -0.005000000 0.003000000 0.0 0.003000000
9 AA -0.005000000 0.004000000 0.0 0.003000000
10 AA -0.005000000 0.005000000 0.0 0.003000000
11 AA -0.004000000 -0.005000000 0.0 0.003000000
12 AA -0.004000000 -0.004000000 0.0 0.003000000
13 AA -0.004000000 -0.003000000 0.0 0.003000000
14 AA -0.004000000 -0.002000000 0.0 0.003000000
15 AA -0.004000000 -0.001000000 0.0 0.003000000
16 AA -0.004000000 0.000000000 0.0 0.003000000
17 AA -0.004000000 0.001000000 0.0 0.003000000
18 AA -0.004000000 0.002000000 0.0 0.003000000
19 AA -0.004000000 0.003000000 0.0 0.003000000
20 AA -0.004000000 0.004000000 0.0 0.003000000
21 AA -0.004000000 0.005000000 0.0 0.003000000
22 AA -0.003000000 -0.005000000 0.0 0.003000000
23 AA -0.003000000 -0.004000000 0.0 0.003000000
24 AA -0.003000000 -0.003000000 0.0 0.003000000
25 AA -0.003000000 -0.002000000 0.0 0.003000000
26 AA -0.003000000 -0.001000000 0.0 0.003000000
27 AA -0.003000000 0.000000000 0.0 0.003000000
28 AA -0.003000000 0.001000000 0.0 0.003000000
29 AA -0.003000000 0.002000000 0.0 0.003000000
30 AA -0.003000000 0.003000000 0.0 0.003000000
31 AA -0.003000000 0.004000000 0.0 0.003000000
32 AA -0.003000000 0.005000000 0.0 0.003000000
33 AA -0.002000000 -0.005000000 0.0 0.003000000
34 AA -0.002000000 -0.004000000 0.0 0.003000000
35 AA -0.002000000 -0.003000000 0.0 0.003000000
36 AA -0.002000000 -0.002000000 0.0 0.003000000
37 AA -0.002000000 -0.001000000 0.0 0.003000000
38 AA -0.002000000 0.000000000 0.0 0.003000000
39 AA -0.002000000 0.001000000 0.0 0.003000000
40 AA -0.002000000 0.002000000 0.0 0.003000000
41 AA -0.002000000 0.003000000 0.0 0.003000000
42 AA -0.002000000 0.004000000 0.0 0.003000000
43 AA -0.002000000 0.005000000 0.0 0.003000000
44 AA -0.001000000 -0.005000000 0.0 0.003000000
45 AA -0.001000000 -0.004000000 0.0 0.003000000
46 AA -0.001000000 -0.003000000 0.0 0.003000000
47 AA -0.001000000 -0.002000000 0.0 0.003000000
48 AA -0.001000000 -0.001000000 0.0 0.003000000
49 AA -0.001000000 0.000000000 0.0 0.003000000
50 AA -0.001000000 0.001000000 0.0 0.003000000
51 AA -0.001000000 0.002000000 0.0 0.003000000
52 AA -0.001000000 0.003000000 0.0 0.003000000
53 AA -0.001000000 0.004000000 0.0 0.003000000
54 AA -0.001000000 0.005000000 0.0 0.003000000
55 AA 0.000000000 -0.005000000 0.0 0.003000000
56 AA 0.000000000 -0.004000000 0.0 0.003000000
57 AA 0.000000000 -0.003000000 0.0 0.003000000
58 AA 0.000000000 -0.002000000 0.0 0.003000000
59 AA 0.000000000 -0.001000000 0.0 0.003000000
60 AA 0.000000000 0.000000000 0.0 0.003000000
61 AA 0.000000000 0.001000000 0.0 0.003000000
62 AA 0.000000000 0.002000000 0.0 0.003000000
63 AA 0.000000000 0.003000000 0.0 0.003000000
64 AA 0.000000000 0.004000000 0.0 0.003000000
65 AA 0.000000000 0.005000000 0.0 0.003000000
66 AA 0.001000000 -0.005000000 0.0 0.003000000
67 AA 0.001000000 -0.004000000 0.0 0.003000000
68 AA 0.001000000 -0.003000000 0.0 0.003000000
69 AA 0.001000000 -0.002000000 0.0 0.003000000
70 AA 0.001000000 -0.001000000 0.0 0.003000000
71 AA 0.001000000 0.000000000 0.0 0.003000000
72 AA 0.001000000 0.001000000 0.0 0.003000000
73 AA 0.001000000 0.002000000 0.0 0.003000000
74 AA 0.001000000 0.003000000 0.0 0.003000000
75 AA 0.001000000 0.004000000 0.0 0.003000000
76 AA 0.001000000 0.005000000 0.0 0.003000000
77 AA 0.002000000 -0.005000000 0.0 0.003000000
78 AA 0.002000000 -0.004000000 0.0 0.003000000
79 AA 0.002000000 -0.003000000 0.0 0.003000000
80 AA 0.002000000 -0.002000000 0.0 0.003000000
81 AA 0.002000000 -0.001000000 0.0 0.003000000
82 AA 0.002000000 0.000000000 0.0 0.003000000
83 AA 0.002000000 0.001000000 0.0 0.003000000
84 AA 0.002000000 0.002000000 0.0 0.003000000
85 AA 0.002000000 0.003000000 0.0 0.003000000
86 AA 0.002000000 0.004000000 0.0 0.003000000
87 AA 0.002000000 0.005000000 0.0 0.003000000
88 AA 0.003000000 -0.005000000 0.0 0.003000000
89 AA 0.003000000 -0.004000000 0.0 0.003000000
90 AA 0.003000000 -0.003000000 0.0 0.003000000
91 AA 0.003000000 -0.002000000 0.0 0.003000000
92 AA 0.003000000 -0.001000000 0.0 0.003000000
93 AA 0.003000000 0.000000000 0.0 0.003000000
94 AA 0.003000000 0.001000000 0.0 0.003000000
95 AA 0.003000000 0.002000000 0.0 0.003000000
96 AA 0.003000000 0.003000000 0.0 0.003000000
97 AA 0.003000000 0.004000000 0.0 0.003000000
98 AA 0.003000000 0.005000000 0.0 0.003000000
99 AA 0.004000000 -0.005000000 0.0 0.003000000
100 AA 0.004000000 -0.004000000 0.0 0.003000000
101 AA 0.004000000 -0.003000000 0.0 0.003000000
102 AA 0.004000000 -0.002000000 0.0 0.003000000
103 AA 0.004000000 -0.001000000 0.0 0.003000000
104 AA 0.004000000 0.000000000 0.0 0.003000000
105 AA 0.004000000 0.001000000 0.0 0.003000000
106 AA 0.004000000 0.002000000 0.0 0.003000000
107 AA 0.004000000 0.003000000 0.0 0.003000000
108 AA 0.004000000 0.004000000 0.0 0.003000000
109 AA 0.004000000 0.005000000 0.0 0.003000000
110 AA 0.005000000 -0.005000000 0.0 0.003000000
111 AA 0.005000000 -0.004000000 0.0 0.003000000
112 AA 0.005000000 -0.003000000 0.0 0.003000000
113 AA 0.005000000 -0.002000000 0.0 0.003000000
114 AA 0.005000000 -0.001000000 0.0 0.003000000
115 AA 0.005000000 0.000000000 0.0 0.003000000
116 AA 0.005000000 0.001000000 0.0 0.003000000
117 AA 0.005000000 0.002000000 0.0 0.003000000
118 AA 0.005000000 0.003000000 0.0 0.003000000
119 AA 0.005000000 0.004000000 0.0 0.003000000
120 AA 0.005000000 0.005000000 0.0 0.003000000
