0 AA 0.000000000 -0.005000000 0.0 0.016000000
1 AA 0.000000000 -0.005000000 0.0 0.016500000
2 AA 0.000000000 -0.005000000 0.0 0.017000000
3 AA 0.000000000 -0.005000000 0.0 0.017500000
4 AA 0.000000000 -0.005000000 0.0 0.018000000
5 AA 0.000000000 -0.005000000 0.0 0.018500000
6 AA 0.000000000 -0.005000000 0.0 0.019000000
7 AA 0.000000000 -0.005000000 0.0 0.019500000
8 AA 0.000000000 -0.005000000 0.0 0.020000000
9 AA 0.000000000 -0.005000000 0.0 0.020500000
10 AA 0.000000000 -0.005000000 0.0 0.021000000
11 AA 0.000000000 -0.005000000 0.0 0.021500000
12 AA 0.000000000 -0.005000000 0.0 0.022000000
13 AA 0.000000000 -0.005000000 0.0 0.022500000
14 AA 0.000000000 -0.005000000 0.0 0.023000000
15 AA 0.000000000 -0.005000000 0.0 0.023500000
16 AA 0.000000000 -0.005000000 0.0 0.024000000
17 AA 0.000000000 -0.005000000 0.0 0.024500000
18 AA 0.000000000 -0.005000000 0.0 0.025000000
19 AA 0.000000000 -0.005000000 0.0 0.025500000
20 AA 0.000000000 -0.005000000 0.0 0.026000000
21 AA 0.000000000 -0.004500000 0.0 0.016000000
22 AA 0.000000000 -0.004500000 0.0 0.016500000
23 AA 0.000000000 -0.004500000 0.0 0.017000000
24 AA 0.000000000 -0.004500000 0.0 0.017500000
25 AA 0.000000000 -0.004500000 0.0 0.018000000
26 AA 0.000000000 -0.004500000 0.0 0.018500000
27 AA 0.000000000 -0.004500000 0.0 0.019000000
28 AA 0.000000000 -0.004500000 0.0 0.019500000
29 AA 0.000000000 -0.004500000 0.0 0.020000000
30 AA 0.000000000 -0.004500000 0.0 0.020500000
31 AA 0.000000000 -0.004500000 0.0 0.021000000
32 AA 0.000000000 -0.004500000 0.0 0.021500000
33 AA 0.000000000 -0.004500000 0.0 0.022000000
34 AA 0.000000000 -0.004500000 0.0 0.022500000
35 AA 0.000000000 -0.004500000 0.0 0.023000000
36 AA 0.000000000 -0.004500000 0.0 0.023500000
37 AA 0.000000000 -0.004500000 0.0 0.024000000
38 AA 0.000000000 -0.004500000 0.0 0.024500000
39 AA 0.000000000 -0.004500000 0.0 0.025000000
40 AA 0.000000000 -0.004500000 0.0 0.025500000
41 AA 0.000000000 -0.004500000 0.0 0.026000000
42 AA 0.000000000 -0.004000000 0.0 0.016000000
43 AA 0.000000000 -0.004000000 0.0 0.016500000
44 AA 0.000000000 -0.004000000 0.0 0.017000000
45 AA 0.000000000 -0.004000000 0.0 0.017500000
46 AA 0.000000000 -0.004000000 0.0 0.018000000
47 AA 0.000000000 -0.004000000 0.0 0.018500000
48 AA 0.000000000 -0.004000000 0.0 0.019000000
49 AA 0.000000000 -0.004000000 0.0 0.019500000
50 AA 0.000000000 -0.004000000 0.0 0.020000000
51 AA 0.000000000 -0.004000000 0.0 0.020500000
52 AA 0.000000000 -0.004000000 0.0 0.021000000
53 AA 0.000000000 -0.004000000 0.0 0.021500000
54 AA 0.000000000 -0.004000000 0.0 0.022000000
55 AA 0.000000000 -0.004000000 0.0 0.022500000
56 AA 0.000000000 -0.004000000 0.0 0.023000000
57 AA 0.000000000 -0.004000000 0.0 0.023500000
58 AA 0.000000000 -0.004000000 0.0 0.024000000
59 AA 0.000000000 -0.004000000 0.0 0.024500000
60 AA 0.000000000 -0.004000000 0.0 0.025000000
61 AA 0.000000000 -0.004000000 0.0 0.025500000
62 AA 0.000000000 -0.004000000 0.0 0.026000000
63 AA 0.000000000 -0.003500000 0.0 0.016000000
64 AA 0.000000000 -0.003500000 0.0 0.016500000
65 AA 0.000000000 -0.003500000 0.0 0.017000000
66 AA 0.000000000 -0.003500000 0.0 0.017500000
67 AA 0.000000000 -0.003500000 0.0 0.018000000
68 AA 0.000000000 -0.003500000 0.0 0.018500000
69 AA 0.000000000 -0.003500000 0.0 0.019000000
70 AA 0.000000000 -0.003500000 0.0 0.019500000
71 AA 0.000000000 -0.003500000 0.0 0.020000000
72 AA 0.000000000 -0.003500000 0.0 0.020500000
73 AA 0.000000000 -0.003500000 0.0 0.021000000
74 AA 0.000000000 -0.003500000 0.0 0.021500000
75 AA 0.000000000 -0.003500000 0.0 0.022000000
76 AA 0.000000000 -0.003500000 0.0 0.022500000
77 AA 0.000000000 -0.003500000 0.0 0.023000000
78 AA 0.000000000 -0.003500000 0.0 0.023500000
79 AA 0.000000000 -0.003500000 0.0 0.024000000
80 AA 0.000000000 -0.003500000 0.0 0.024500000
81 AA 0.000000000 -0.003500000 0.0 0.025000000
82 AA 0.000000000 -0.003500000 0.0 0.025500000
83 AA 0.000000000 -0.003500000 0.0 0.026000000
84 AA 0.000000000 -0.003000000 0.0 0.016000000
85 AA 0.000000000 -0.003000000 0.0 0.016500000
86 AA 0.000000000 -0.003000000 0.0 0.017000000
87 AA 0.000000000 -0.003000000 0.0 0.017500000
88 AA 0.000000000 -0.003000000 0.0 0.018000000
89 AA 0.000000000 -0.003000000 0.0 0.018500000
90 AA 0.000000000 -0.003000000 0.0 0.019000000
91 AA 0.000000000 -0.003000000 0.0 0.019500000
92 AA 0.000000000 -0.003000000 0.0 0.020000000
93 AA 0.000000000 -0.003000000 0.0 0.020500000
94 AA 0.000000000 -0.003000000 0.0 0.021000000
95 AA 0.000000000 -0.003000000 0.0 0.021500000
96 AA 0.000000000 -0.003000000 0.0 0.022000000
97 AA 0.000000000 -0.003000000 0.0 0.022500000
98 AA 0.000000000 -0.003000000 0.0 0.023000000
99 AA 0.000000000 -0.003000000 0.0 0.023500000
100 AA 0.000000000 -0.003000000 0.0 0.024000000
101 AA 0.000000000 -0.003000000 0.0 0.024500000
102 AA 0.000000000 -0.003000000 0.0 0.025000000
103 AA 0.000000000 -0.003000000 0.0 0.025500000
104 AA 0.000000000 -0.003000000 0.0 0.026000000
105 AA 0.000000000 -0.002500000 0.0 0.016000000
106 AA 0.000000000 -0.002500000 0.0 0.016500000
107 AA 0.000000000 -0.002500000 0.0 0.017000000
108 AA 0.000000000 -0.002500000 0.0 0.017500000
109 AA 0.000000000 -0.002500000 0.0 0.018000000
110 AA 0.000000000 -0.002500000 0.0 0.018500000
111 AA 0.000000000 -0.002500000 0.0 0.019000000
112 AA 0.000000000 -0.002500000 0.0 0.019500000
113 AA 0.000000000 -0.002500000 0.0 0.020000000
114 AA 0.000000000 -0.002500000 0.0 0.020500000
115 AA 0.000000000 -0.002500000 0.0 0.021000000
116 AA 0.000000000 -0.002500000 0.0 0.021500000
117 AA 0.000000000 -0.002500000 0.0 0.022000000
118 AA 0.000000000 -0.002500000 0.0 0.022500000
119 AA 0.000000000 -0.002500000 0.0 0.023000000
120 AA 0.000000000 -0.002500000 0.0 0.023500000
121 AA 0.000000000 -0.002500000 0.0 0.024000000
122 AA 0.000000000 -0.002500000 0.0 0.024500000
123 AA 0.000000000 -0.002500000 0.0 0.025000000
124 AA 0.000000000 -0.002500000 0.0 0.025500000
125 AA 0.000000000 -0.002500000 0.0 0.026000000
126 AA 0.000000000 -0.002000000 0.0 0.016000000
127 AA 0.000000000 -0.002000000 0.0 0.016500000
128 AA 0.000000000 -0.002000000 0.0 0.017000000
129 AA 0.000000000 -0.002000000 0.0 0.017500000
130 AA 0.000000000 -0.002000000 0.0 0.018000000
131 AA 0.000000000 -0.002000000 0.0 0.018500000
132 AA 0.000000000 -0.002000000 0.0 0.019000000
133 AA 0.000000000 -0.002000000 0.0 0.019500000
134 AA 0.000000000 -0.002000000 0.0 0.020000000
135 AA 0.000000000 -0.002000000 0.0 0.020500000
136 AA 0.000000000 -0.002000000 0.0 0.021000000
137 AA 0.000000000 -0.002000000 0.0 0.021500000
138 AA 0.000000000 -0.002000000 0.0 0.022000000
139 AA 0.000000000 -0.002000000 0.0 0.022500000
140 AA 0.000000000 -0.002000000 0.0 0.023000000
141 AA 0.000000000 -0.002000000 0.0 0.023500000
142 AA 0.000000000 -0.002000000 0.0 0.024000000
143 AA 0.000000000 -0.002000000 0.0 0.024500000
144 AA 0.000000000 -0.002000000 0.0 0.025000000
145 AA 0.000000000 -0.002000000 0.0 0.025500000
146 AA 0.000000000 -0.002000000 0.0 0.026000000
147 AA 0.000000000 -0.001500000 0.0 0.016000000
148 AA 0.000000000 -0.001500000 0.0 0.016500000
149 AA 0.000000000 -0.001500000 0.0 0.017000000
150 AA 0.000000000 -0.001500000 0.0 0.017500000
151 AA 0.000000000 -0.001500000 0.0 0.018000000
152 AA 0.000000000 -0.001500000 0.0 0.018500000
153 AA 0.000000000 -0.001500000 0.0 0.019000000
154 AA 0.000000000 -0.001500000 0.0 0.019500000
155 AA 0.000000000 -0.001500000 0.0 0.020000000
156 AA 0.000000000 -0.001500000 0.0 0.020500000
157 AA 0.000000000 -0.001500000 0.0 0.021000000
158 AA 0.000000000 -0.001500000 0.0 0.021500000
159 AA 0.000000000 -0.001500000 0.0 0.022000000
160 AA 0.000000000 -0.001500000 0.0 0.022500000
161 AA 0.000000000 -0.001500000 0.0 0.023000000
162 AA 0.000000000 -0.001500000 0.0 0.023500000
163 AA 0.000000000 -0.001500000 0.0 0.024000000
164 AA 0.000000000 -0.001500000 0.0 0.024500000
165 AA 0.000000000 -0.001500000 0.0 0.025000000
166 AA 0.000000000 -0.001500000 0.0 0.025500000
167 AA 0.000000000 -0.001500000 0.0 0.026000000
168 AA 0.000000000 -0.001000000 0.0 0.016000000
169 AA 0.000000000 -0.001000000 0.0 0.016500000
170 AA 0.000000000 -0.001000000 0.0 0.017000000
171 AA 0.000000000 -0.001000000 0.0 0.017500000
172 AA 0.000000000 -0.001000000 0.0 0.018000000
173 AA 0.000000000 -0.001000000 0.0 0.018500000
174 AA 0.000000000 -0.001000000 0.0 0.019000000
175 AA 0.000000000 -0.001000000 0.0 0.019500000
176 AA 0.000000000 -0.001000000 0.0 0.020000000
177 AA 0.000000000 -0.001000000 0.0 0.020500000
178 AA 0.000000000 -0.001000000 0.0 0.021000000
179 AA 0.000000000 -0.001000000 0.0 0.021500000
180 AA 0.000000000 -0.001000000 0.0 0.022000000
181 AA 0.000000000 -0.001000000 0.0 0.022500000
182 AA 0.000000000 -0.001000000 0.0 0.023000000
183 AA 0.000000000 -0.001000000 0.0 0.023500000
184 AA 0.000000000 -0.001000000 0.0 0.024000000
185 AA 0.000000000 -0.001000000 0.0 0.024500000
186 AA 0.000000000 -0.001000000 0.0 0.025000000
187 AA 0.000000000 -0.001000000 0.0 0.025500000
188 AA 0.000000000 -0.001000000 0.0 0.026000000
189 AA 0.000000000 -0.000500000 0.0 0.016000000
190 AA 0.000000000 -0.000500000 0.0 0.016500000
191 AA 0.000000000 -0.000500000 0.0 0.017000000
192 AA 0.000000000 -0.000500000 0.0 0.017500000
193 AA 0.000000000 -0.000500000 0.0 0.018000000
194 AA 0.000000000 -0.000500000 0.0 0.018500000
195 AA 0.000000000 -0.000500000 0.0 0.019000000
196 AA 0.000000000 -0.000500000 0.0 0.019500000
197 AA 0.000000000 -0.000500000 0.0 0.020000000
198 AA 0.000000000 -0.000500000 0.0 0.020500000
199 AA 0.000000000 -0.000500000 0.0 0.021000000
200 AA 0.000000000 -0.000500000 0.0 0.021500000
201 AA 0.000000000 -0.000500000 0.0 0.022000000
202 AA 0.000000000 -0.000500000 0.0 0.022500000
203 AA 0.000000000 -0.000500000 0.0 0.023000000
204 AA 0.000000000 -0.000500000 0.0 0.023500000
205 AA 0.000000000 -0.000500000 0.0 0.024000000
206 AA 0.000000000 -0.000500000 0.0 0.024500000
207 AA 0.000000000 -0.000500000 0.0 0.025000000
208 AA 0.000000000 -0.000500000 0.0 0.025500000
209 AA 0.000000000 -0.000500000 0.0 0.026000000
210 AA 0.000000000 0.000000000 0.0 0.016000000
211 AA 0.000000000 0.000000000 0.0 0.016500000
212 AA 0.000000000 0.000000000 0.0 0.017000000
213 AA 0.000000000 0.000000000 0.0 0.017500000
214 AA 0.000000000 0.000000000 0.0 0.018000000
215 AA 0.000000000 0.000000000 0.0 0.018500000
216 AA 0.000000000 0.000000000 0.0 0.019000000
217 AA 0.000000000 0.000000000 0.0 0.019500000
218 AA 0.000000000 0.000000000 0.0 0.020000000
219 AA 0.000000000 0.000000000 0.0 0.020500000
220 AA 0.000000000 0.000000000 0.0 0.021000000
221 AA 0.000000000 0.000000000 0.0 0.021500000
222 AA 0.000000000 0.000000000 0.0 0.022000000
223 AA 0.000000000 0.000000000 0.0 0.022500000
224 AA 0.000000000 0.000000000 0.0 0.023000000
225 AA 0.000000000 0.000000000 0.0 0.023500000
226 AA 0.000000000 0.000000000 0.0 0.024000000
227 AA 0.000000000 0.000000000 0.0 0.024500000
228 AA 0.000000000 0.000000000 0.0 0.025000000
229 AA 0.000000000 0.000000000 0.0 0.025500000
230 AA 0.000000000 0.000000000 0.0 0.026000000
231 AA 0.000000000 0.000500000 0.0 0.016000000
232 AA 0.000000000 0.000500000 0.0 0.016500000
233 AA 0.000000000 0.000500000 0.0 0.017000000
234 AA 0.000000000 0.000500000 0.0 0.017500000
235 AA 0.000000000 0.000500000 0.0 0.018000000
236 AA 0.000000000 0.000500000 0.0 0.018500000
237 AA 0.000000000 0.000500000 0.0 0.019000000
238 AA 0.000000000 0.000500000 0.0 0.019500000
239 AA 0.000000000 0.000500000 0.0 0.020000000
240 AA 0.000000000 0.000500000 0.0 0.020500000
241 AA 0.000000000 0.000500000 0.0 0.021000000
242 AA 0.000000000 0.000500000 0.0 0.021500000
243 AA 0.000000000 0.000500000 0.0 0.022000000
244 AA 0.000000000 0.000500000 0.0 0.022500000
245 AA 0.000000000 0.000500000 0.0 0.023000000
246 AA 0.000000000 0.000500000 0.0 0.023500000
247 AA 0.000000000 0.000500000 0.0 0.024000000
248 AA 0.000000000 0.000500000 0.0 0.024500000
249 AA 0.000000000 0.000500000 0.0 0.025000000
250 AA 0.000000000 0.000500000 0.0 0.025500000
251 AA 0.000000000 0.000500000 0.0 0.026000000
252 AA 0.000000000 0.001000000 0.0 0.016000000
253 AA 0.000000000 0.001000000 0.0 0.016500000
254 AA 0.000000000 0.001000000 0.0 0.017000000
255 AA 0.000000000 0.001000000 0.0 0.017500000
256 AA 0.000000000 0.001000000 0.0 0.018000000
257 AA 0.000000000 0.001000000 0.0 0.018500000
258 AA 0.000000000 0.001000000 0.0 0.019000000
259 AA 0.000000000 0.001000000 0.0 0.019500000
260 AA 0.000000000 0.001000000 0.0 0.020000000
261 AA 0.000000000 0.001000000 0.0 0.020500000
262 AA 0.000000000 0.001000000 0.0 0.021000000
263 AA 0.000000000 0.001000000 0.0 0.021500000
264 AA 0.000000000 0.001000000 0.0 0.022000000
265 AA 0.000000000 0.001000000 0.0 0.022500000
266 AA 0.000000000 0.001000000 0.0 0.023000000
267 AA 0.000000000 0.001000000 0.0 0.023500000
268 AA 0.000000000 0.001000000 0.0 0.024000000
269 AA 0.000000000 0.001000000 0.0 0.024500000
270 AA 0.000000000 0.001000000 0.0 0.025000000
271 AA 0.000000000 0.001000000 0.0 0.025500000
272 AA 0.000000000 0.001000000 0.0 0.026000000
273 AA 0.000000000 0.001500000 0.0 0.016000000
274 AA 0.000000000 0.001500000 0.0 0.016500000
275 AA 0.000000000 0.001500000 0.0 0.017000000
276 AA 0.000000000 0.001500000 0.0 0.017500000
277 AA 0.000000000 0.001500000 0.0 0.018000000
278 AA 0.000000000 0.001500000 0.0 0.018500000
279 AA 0.000000000 0.001500000 0.0 0.019000000
280 AA 0.000000000 0.001500000 0.0 0.019500000
281 AA 0.000000000 0.001500000 0.0 0.020000000
282 AA 0.000000000 0.001500000 0.0 0.020500000
283 AA 0.000000000 0.001500000 0.0 0.021000000
284 AA 0.000000000 0.001500000 0.0 0.021500000
285 AA 0.000000000 0.001500000 0.0 0.022000000
286 AA 0.000000000 0.001500000 0.0 0.022500000
287 AA 0.000000000 0.001500000 0.0 0.023000000
288 AA 0.000000000 0.001500000 0.0 0.023500000
289 AA 0.000000000 0.001500000 0.0 0.024000000
290 AA 0.000000000 0.001500000 0.0 0.024500000
291 AA 0.000000000 0.001500000 0.0 0.025000000
292 AA 0.000000000 0.001500000 0.0 0.025500000
293 AA 0.000000000 0.001500000 0.0 0.026000000
294 AA 0.000000000 0.002000000 0.0 0.016000000
295 AA 0.000000000 0.002000000 0.0 0.016500000
296 AA 0.000000000 0.002000000 0.0 0.017000000
297 AA 0.000000000 0.002000000 0.0 0.017500000
298 AA 0.000000000 0.002000000 0.0 0.018000000
299 AA 0.000000000 0.002000000 0.0 0.018500000
300 AA 0.000000000 0.002000000 0.0 0.019000000
301 AA 0.000000000 0.002000000 0.0 0.019500000
302 AA 0.000000000 0.002000000 0.0 0.020000000
303 AA 0.000000000 0.002000000 0.0 0.020500000
304 AA 0.000000000 0.002000000 0.0 0.021000000
305 AA 0.000000000 0.002000000 0.0 0.021500000
306 AA 0.000000000 0.002000000 0.0 0.022000000
307 AA 0.000000000 0.002000000 0.0 0.022500000
308 AA 0.000000000 0.002000000 0.0 0.023000000
309 AA 0.000000000 0.002000000 0.0 0.023500000
310 AA 0.000000000 0.002000000 0.0 0.024000000
311 AA 0.000000000 0.002000000 0.0 0.024500000
312 AA 0.000000000 0.002000000 0.0 0.025000000
313 AA 0.000000000 0.002000000 0.0 0.025500000
314 AA 0.000000000 0.002000000 0.0 0.026000000
315 AA 0.000000000 0.002500000 0.0 0.016000000
316 AA 0.000000000 0.002500000 0.0 0.016500000
317 AA 0.000000000 0.002500000 0.0 0.017000000
318 AA 0.000000000 0.002500000 0.0 0.017500000
319 AA 0.000000000 0.002500000 0.0 0.018000000
320 AA 0.000000000 0.002500000 0.0 0.018500000
321 AA 0.000000000 0.002500000 0.0 0.019000000
322 AA 0.000000000 0.002500000 0.0 0.019500000
323 AA 0.000000000 0.002500000 0.0 0.020000000
324 AA 0.000000000 0.002500000 0.0 0.020500000
325 AA 0.000000000 0.002500000 0.0 0.021000000
326 AA 0.000000000 0.002500000 0.0 0.021500000
327 AA 0.000000000 0.002500000 0.0 0.022000000
328 AA 0.000000000 0.002500000 0.0 0.022500000
329 AA 0.000000000 0.002500000 0.0 0.023000000
330 AA 0.000000000 0.002500000 0.0 0.023500000
331 AA 0.000000000 0.002500000 0.0 0.024000000
332 AA 0.000000000 0.002500000 0.0 0.024500000
333 AA 0.000000000 0.002500000 0.0 0.025000000
334 AA 0.000000000 0.002500000 0.0 0.025500000
335 AA 0.000000000 0.002500000 0.0 0.026000000
336 AA 0.000000000 0.003000000 0.0 0.016000000
337 AA 0.000000000 0.003000000 0.0 0.016500000
338 AA 0.000000000 0.003000000 0.0 0.017000000
339 AA 0.000000000 0.003000000 0.0 0.017500000
340 AA 0.000000000 0.003000000 0.0 0.018000000
341 AA 0.000000000 0.003000000 0.0 0.018500000
342 AA 0.000000000 0.003000000 0.0 0.019000000
343 AA 0.000000000 0.003000000 0.0 0.019500000
344 AA 0.000000000 0.003000000 0.0 0.020000000
345 AA 0.000000000 0.003000000 0.0 0.020500000
346 AA 0.000000000 0.003000000 0.0 0.021000000
347 AA 0.000000000 0.003000000 0.0 0.021500000
348 AA 0.000000000 0.003000000 0.0 0.022000000
349 AA 0.000000000 0.003000000 0.0 0.022500000
350 AA 0.000000000 0.003000000 0.0 0.023000000
351 AA 0.000000000 0.003000000 0.0 0.023500000
352 AA 0.000000000 0.003000000 0.0 0.024000000
353 AA 0.000000000 0.003000000 0.0 0.024500000
354 AA 0.000000000 0.003000000 0.0 0.025000000
355 AA 0.000000000 0.003000000 0.0 0.025500000
356 AA 0.000000000 0.003000000 0.0 0.026000000
357 AA 0.000000000 0.003500000 0.0 0.016000000
358 AA 0.000000000 0.003500000 0.0 0.016500000
359 AA 0.000000000 0.003500000 0.0 0.017000000
360 AA 0.000000000 0.003500000 0.0 0.017500000
361 AA 0.000000000 0.003500000 0.0 0.018000000
362 AA 0.000000000 0.003500000 0.0 0.018500000
363 AA 0.000000000 0.003500000 0.0 0.019000000
364 AA 0.000000000 0.003500000 0.0 0.019500000
365 AA 0.000000000 0.003500000 0.0 0.020000000
366 AA 0.000000000 0.003500000 0.0 0.020500000
367 AA 0.000000000 0.003500000 0.0 0.021000000
368 AA 0.000000000 0.003500000 0.0 0.021500000
369 AA 0.000000000 0.003500000 0.0 0.022000000
370 AA 0.000000000 0.003500000 0.0 0.022500000
371 AA 0.000000000 0.003500000 0.0 0.023000000
372 AA 0.000000000 0.003500000 0.0 0.023500000
373 AA 0.000000000 0.003500000 0.0 0.024000000
374 AA 0.000000000 0.003500000 0.0 0.024500000
375 AA 0.000000000 0.003500000 0.0 0.025000000
376 AA 0.000000000 0.003500000 0.0 0.025500000
377 AA 0.000000000 0.003500000 0.0 0.026000000
378 AA 0.000000000 0.004000000 0.0 0.016000000
379 AA 0.000000000 0.004000000 0.0 0.016500000
380 AA 0.000000000 0.004000000 0.0 0.017000000
381 AA 0.000000000 0.004000000 0.0 0.017500000
382 AA 0.000000000 0.004000000 0.0 0.018000000
383 AA 0.000000000 0.004000000 0.0 0.018500000
384 AA 0.000000000 0.004000000 0.0 0.019000000
385 AA 0.000000000 0.004000000 0.0 0.019500000
386 AA 0.000000000 0.004000000 0.0 0.020000000
387 AA 0.000000000 0.004000000 0.0 0.020500000
388 AA 0.000000000 0.004000000 0.0 0.021000000
389 AA 0.000000000 0.004000000 0.0 0.021500000
390 AA 0.000000000 0.004000000 0.0 0.022000000
391 AA 0.000000000 0.004000000 0.0 0.022500000
392 AA 0.000000000 0.004000000 0.0 0.023000000
393 AA 0.000000000 0.004000000 0.0 0.023500000
394 AA 0.000000000 0.004000000 0.0 0.024000000
395 AA 0.000000000 0.004000000 0.0 0.024500000
396 AA 0.000000000 0.004000000 0.0 0.025000000
397 AA 0.000000000 0.004000000 0.0 0.025500000
398 AA 0.000000000 0.004000000 0.0 0.026000000
399 AA 0.000000000 0.004500000 0.0 0.016000000
400 AA 0.000000000 0.004500000 0.0 0.016500000
401 AA 0.000000000 0.004500000 0.0 0.017000000
402 AA 0.000000000 0.004500000 0.0 0.017500000
403 AA 0.000000000 0.004500000 0.0 0.018000000
404 AA 0.000000000 0.004500000 0.0 0.018500000
405 AA 0.000000000 0.004500000 0.0 0.019000000
406 AA 0.000000000 0.004500000 0.0 0.019500000
407 AA 0.000000000 0.004500000 0.0 0.020000000
408 AA 0.000000000 0.004500000 0.0 0.020500000
409 AA 0.000000000 0.004500000 0.0 0.021000000
410 AA 0.000000000 0.004500000 0.0 0.021500000
411 AA 0.000000000 0.004500000 0.0 0.022000000
412 AA 0.000000000 0.004500000 0.0 0.022500000
413 AA 0.000000000 0.004500000 0.0 0.023000000
414 AA 0.000000000 0.004500000 0.0 0.023500000
415 AA 0.000000000 0.004500000 0.0 0.024000000
416 AA 0.000000000 0.004500000 0.0 0.024500000
417 AA 0.000000000 0.004500000 0.0 0.025000000
418 AA 0.000000000 0.004500000 0.0 0.025500000
419 AA 0.000000000 0.004500000 0.0 0.026000000
420 AA 0.000000000 0.005000000 0.0 0.016000000
421 AA 0.000000000 0.005000000 0.0 0.016500000
422 AA 0.000000000 0.005000000 0.0 0.017000000
423 AA 0.000000000 0.005000000 0.0 0.017500000
424 AA 0.000000000 0.005000000 0.0 0.018000000
425 AA 0.000000000 0.005000000 0.0 0.018500000
426 AA 0.000000000 0.005000000 0.0 0.019000000
427 AA 0.000000000 0.005000000 0.0 0.019500000
428 AA 0.000000000 0.005000000 0.0 0.020000000
429 AA 0.000000000 0.005000000 0.0 0.020500000
430 AA 0.000000000 0.005000000 0.0 0.021000000
431 AA 0.000000000 0.005000000 0.0 0.021500000
432 AA 0.000000000 0.005000000 0.0 0.022000000
433 AA 0.000000000 0.005000000 0.0 0.022500000
434 AA 0.000000000 0.005000000 0.0 0.023000000
435 AA 0.000000000 0.005000000 0.0 0.023500000
436 AA 0.000000000 0.005000000 0.0 0.024000000
437 AA 0.000000000 0.005000000 0.0 0.024500000
438 AA 0.000000000 0.005000000 0.0 0.025000000
439 AA 0.000000000 0.005000000 0.0 0.025500000
440 AA 0.000000000 0.005000000 0.0 0.026000000
